-0.446155470698178
-0.469756752494054
-0.477688331696209
-0.598499815698156
-0.514057520764829
0.0679462398452749
0.705374323161728
1.06848586036212
1.18881371117666
1.28921588861615
1.47377018107652
1.65029632237063
1.66200008195772
1.64584659023541
1.72448544539671
1.75137543159911
1.75137543159911
1.75137543159911
1.7562117596697
1.75466413473783
1.75892010298353
1.76095151577618
1.76414333887186
1.7658844170787
1.7632729538079
-0.00875792916085732
-0.0096284688981833
-0.0211389298836791
-0.0117564523871287
-0.00991864754281077
-0.0097251955356639
-0.0268457976915941
-0.0159156952631676
-0.0094350156232221
-0.0100153741802914
-0.0114662737425012
-0.00895138243581881
-0.0094350156232221
-0.0100153741802914
-0.0095317422607027
-0.00933828898574121
-0.010112100817772
-0.0143680703312918
-0.00904810907329941
-0.0193011250393614
-0.0096284688981833
-0.0098219221731445
-0.0100153741802914
-0.0103055540927335
-0.0100153741802914
-0.0098219221731445
-0.010112100817772
-0.0100153741802914
-0.00991864754281077
-0.00991864754281077
-0.0103055540927335
-0.00991864754281077
-0.00991864754281077
-0.00991864754281077
-0.0100153741802914
-0.00991864754281077
-0.00991864754281077
-0.0100153741802914
-0.00991864754281077
-0.0102088274552526
-0.0098219221731445
-0.0098219221731445
-0.0097251955356639
-0.00991864754281077
-0.0100153741802914
-0.010112100817772
-0.0100153741802914
-0.0102088274552526
-0.00991864754281077
-0.010112100817772
-0.00991864754281077
-0.010112100817772
-0.0098219221731445
-0.010112100817772
-0.0098219221731445
-0.0103055540927335
-0.0100153741802914
-0.0100153741802914
-0.0102088274552526
-0.0103055540927335
-0.0103055540927335
-0.0102088274552526
-0.0105957340051753
-0.0104022807302141
-0.0100153741802914
-0.00991864754281077
-0.0105957340051753
-0.010112100817772
-0.0097251955356639
-0.0100153741802914
-0.0104022807302141
-0.0102088274552526
-0.0098219221731445
-0.00991864754281077
-0.010112100817772
-0.0100153741802914
-0.0102088274552526
-0.0100153741802914
-0.0104990073676947
-0.00991864754281077
-0.0098219221731445
-0.0100153741802914
-0.0100153741802914
-0.00991864754281077
-0.00991864754281077
-0.0103055540927335
-0.0102088274552526
-0.0103055540927335
-0.00991864754281077
-0.010112100817772
-0.0100153741802914
-0.00991864754281077
-0.00991864754281077
-0.00991864754281077
-0.0103055540927335
-0.0100153741802914
-0.00991864754281077
-0.010112100817772
-0.0102088274552526
-0.0102088274552526
-0.0102088274552526
-0.010112100817772
-0.0097251955356639
-0.0098219221731445
-0.0098219221731445
-0.0100153741802914
-0.0100153741802914
-0.00991864754281077
-0.00991864754281077
-0.0103055540927335
-0.0104990073676947
-0.0100153741802914
-0.0100153741802914
-0.0097251955356639
-0.010112100817772
-0.0102088274552526
-0.010112100817772
-0.0102088274552526
-0.0104990073676947
-0.0103055540927335
-0.0097251955356639
-0.0098219221731445
-0.00991864754281077
-0.00924156234826061
-0.0103055540927335
-0.0102088274552526
-0.0097251955356639
1.76511060397885
1.76549751052877
1.76540062921793
1.76549751052877
1.76569096380374
1.76569096380374
1.76578753576785
1.76569096380374
1.76559439183962
1.76569096380374
1.76569096380374
1.7658844170787
1.7658844170787
1.76578753576785
1.76569096380374
1.76598129838954
-0.00904810907329941
-0.0098219221731445
-0.042225321640687
-0.00991864754281077
-0.00933828898574121
-0.010112100817772
-0.0515110724997571
-0.0098219221731445
-0.0095317422607027
-0.0102088274552526
-0.0100153741802914
-0.0271359776040359
-0.0108859139176174
-0.0102088274552526
-0.0357446420007415
-0.0097251955356639
-0.0152386088008031
1.76423990956816
1.76540062921793
1.7658844170787
1.76569096380374
-0.010112100817772
-0.0120466322995705
-0.00991864754281077
-0.0770468870452458
-0.0103055540927335
-0.0504470807552843
-0.0309083139301525
-0.0095317422607027
-0.00991864754281077
-0.0366151804702529
-0.0095317422607027
-0.0235570945528809
-0.010112100817772
-0.00991864754281077
-0.0272327042415168
-0.0102088274552526
-0.0095317422607027
-0.010112100817772
-0.00924156234826061
-0.0245243596598729
-0.0096284688981833
-0.010112100817772
-0.0252014461222377
-0.00991864754281077
-0.0134008052242998
-0.0367119071077335
-0.0755959874830362
-0.0630215334852529
-0.0097251955356639
-0.010112100817772
-0.00914483571078001
-0.0128204453994159
-0.0097251955356639
-0.010112100817772
-0.0096284688981833
-0.0094350156232221
-0.00991864754281077
-0.00991864754281077
-0.0167862350004933
-0.00904810907329941
-0.0094350156232221
-0.0100153741802914
-0.00924156234826061
-0.027426157516478
-0.0096284688981833
-0.0102088274552526
-0.0227832814530358
-0.0162058751756094
-0.0098219221731445
-0.010112100817772
-0.0095317422607027
-0.0195913049518032
-0.010112100817772
-0.010112100817772
-0.0380660800324625
-0.0104022807302141
-0.0094350156232221
-0.00991864754281077
-0.0162058751756094
-0.0152386088008031
-0.0096284688981833
-0.00991864754281077
-0.0278130627985861
-0.0120466322995705
-0.0103055540927335
-0.0539292371689587
-0.0096284688981833
-0.0185273132073307
1.75089195308508
1.751278859635
1.35663446143658
0.214777169044485
-0.233066840466045
-0.102679426960401
-0.0672775029987727
0.226481084572757
0.322820745773687
0.412679728602486
0.371764390107905
0.446920932914347
0.562799362208224
0.67210038395686
0.838953714436419
0.982012308577327
1.22034657217469
1.47831617456131
1.71394209484484
1.73696332743038
1.75118197832415
1.75205267146703
1.76017770394415
1.76578753576785
1.76240225939721
1.76549751052877
1.7658844170787
1.76569096380374
1.76559439183962
1.76578753576785
1.76578753576785
1.76578753576785
1.7658844170787
1.7658844170787
1.76559439183962
1.76569096380374
1.76578753576785
1.76569096380374
1.76598129838954
1.76607786908584
-0.00933828898574121
-0.0188174918519581
-0.00933828898574121
1.76569096380374
1.76569096380374
1.76549751052877
1.76598129838954
1.7658844170787
1.76578753576785
1.76598129838954
1.76569096380374
1.7658844170787
1.76578753576785
1.76578753576785
1.76607786908584
1.76598129838954
1.76598129838954
1.76578753576785
1.76578753576785
1.76569096380374
1.7658844170787
1.76578753576785
1.76607786908584
1.76569096380374
1.76598129838954
1.76443367218985
1.7658844170787
1.76578753576785
1.76578753576785
1.76559439183962
1.76598129838954
1.76540062921793
1.76530405725381
1.76569096380374
1.76307919118621
1.75563139984482
1.75166576618492
1.75311650980595
1.75137543159911
1.75137543159911
1.73154663953491
1.65000598778482
1.17633613848972
1.13213194218306
1.54418712244986
1.7004972557831
1.28824862350916
1.05871663098901
1.32490814716359
1.61818310154771
1.68608484353545
1.47792926801138
1.30420835134195
1.16937182566238
1.25381396465452
1.22102350396369
1.09934178957115
0.680805774991046
0.0276112599077626
-0.260440459855852
0.123950922376508
0.978820176134914
1.32626200947377
1.67128583281679
1.73676956480869
1.72961210805311
1.49795182269728
1.27190198785862
1.2873782384452
1.42830869315598
1.42821212245968
1.25265324627257
0.910821554104148
0.562992815483185
0.134784298167453
-0.0883638947557804
-0.346430378453239
-0.670948015190769
-1.02458034825713
-1.08097193733828
-1.14026532300823
-1.17460325522538
-1.31253534138326
-1.37579451665428
-1.38034066608025
-1.33381518641523
-1.42725305102737
-1.5428413004088
-1.69605618387829
-1.69692672361562
-1.6970234502531
-1.6970234502531
-1.69721690352806
-1.6970234502531
-1.69741035553521
-1.69731362889773
-1.69721690352806
-1.69712017689058
-1.69741035553521
-0.0105957340051753
-0.0104022807302141
-0.010112100817772
-0.010112100817772
-0.0098219221731445
-0.00991864754281077
-1.42106255129987
-1.15235614508642
-0.983181376575142
-1.05804774073696
-1.0275788714834
-0.958419375129499
-0.931819568839537
-1.09364311797355
-1.14190967457759
-1.0679138501531
-0.938203523109817
-0.985792994519305
-1.09731872766218
-1.22935049273718
-1.30044452057288
-1.3651545941383
-1.38720825227011
-1.38304900939408
-1.46671749122756
-1.67216472216998
-1.69692672361562
-1.69712017689058
-1.69712017689058
-1.69712017689058
-1.69712017689058
-1.69799071536009
-1.69818416863505
-1.69721690352806
-1.69712017689058
-1.69741035553521
-1.69721690352806
-1.69741035553521
-1.69712017689058
-1.69799071536009
-1.69750708217269
-1.69721690352806
-1.6970234502531
-1.4372158883488
-1.03841224727434
-0.928821045613266
-0.89438638675863
-0.779378497202079
-0.629355590233822
-0.643380942526001
-0.736141721943591
-0.845636196967188
-1.0194538402741
-1.16406005934688
-1.16115826275809
-0.994885292103414
-0.847377275174025
-0.700159438157079
-0.655761943248823
-0.712830618792342
-0.78808388950408
-0.789728241073436
-0.750844160698134
-0.716989861668381
-0.666692045677249
-0.703931774483195
-0.769318934510978
-0.880747941016374
-1.01306988600382
-1.33671698300402
-1.69663654370318
-1.69692672361562
-1.6970234502531
-1.69721690352806
-1.6970234502531
-1.69770053544765
-1.69721690352806
-1.69712017689058
-1.69712017689058
-1.69721690352806
-1.69760380881017
-1.69712017689058
-1.6970234502531
-1.69837762191002
-1.69712017689058
-1.69692672361562
-1.6970234502531
-1.69712017689058
-1.69770053544765
-1.69741035553521
-1.6970234502531
-1.69789398872261
-1.6970234502531
-1.69499219213382
-1.6970234502531
-1.69799071536009
-1.67351889382689
-1.48480535975829
-1.64585509579246
-1.69741035553521
-1.69712017689058
-1.56170298077157
-1.42880067595925
-1.36718585225758
-1.50028161034487
-1.69682999697814
-1.69692672361562
-1.56847384032396
-1.50908372801653
-1.6970234502531
-1.69692672361562
-1.69731362889773
-1.6970234502531
-1.69712017689058
-1.69712017689058
-1.69712017689058
-1.69692672361562
-1.69692672361562
-1.44224566969435
-1.58723879531706
-1.69692672361562
-1.69712017689058
-1.6970234502531
-1.69779726208513
-1.69712017689058
-1.69692672361562
-1.6970234502531
-1.69731362889773
-1.69721690352806
-1.69750708217269
-1.69731362889773
-1.69866780182246
-1.69741035553521
-1.69731362889773
-1.69731362889773
-1.69818416863505
-1.69721690352806
-1.69741035553521
-1.69721690352806
-1.69750708217269
-1.69741035553521
-1.69721690352806
-1.69731362889773
-1.69799071536009
-1.69731362889773
-1.69712017689058
-1.6970234502531
-1.69760380881017
-1.69779726208513
-1.69731362889773
-1.69712017689058
-1.69721690352806
-1.69721690352806
-1.69741035553521
-1.69721690352806
-1.69741035553521
-1.69760380881017
-1.69712017689058
-0.0106924606426559
-0.0110793671925786
-1.69828089527253
-1.6970234502531
-1.69692672361562
-1.69731362889773
-1.69721690352806
-1.69712017689058
-1.69712017689058
-1.69731362889773
-1.69721690352806
-1.07216981966662
-0.581862845461814
-1.21039208573693
-0.680137039412358
0.214583717037338
0.752867067933736
0.777145437459791
0.613000450294061
0.221161123314764
-0.137210812452518
-0.328922869747387
-0.251831795459146
0.408327032451486
1.09740725935717
1.51178387638787
1.70156109412202
1.71519969453764
1.59448493717318
1.28844207551631
1.04353040564151
0.969824761129466
1.02108984222759
0.985397583680155
0.939452618513389
0.977272551203038
1.07129077564006
1.02128329550255
0.982205761852288
1.06277883788084
0.879578873018559
0.337233004615788
-0.296422742374549
-0.600627799187101
-0.529727225894179
-0.0424187749156483
-0.0309083139301525
-0.594534026097078
-0.488908614037078
0.102477624069577
0.19136934052357
-0.227553425933091
-0.426713430510527
-0.087976988205858
0.204233973165981
-0.203468510949812
-0.688745703809063
-0.50138634139738
0.871647293816403
1.75040816522431
1.75089195308508
1.75795283787654
1.7562117596697
1.76056461049407
1.75263272194518
1.75147200356323
1.68985733453493
1.2741265445795
0.786237733776085
0.582047949120914
0.437538456685611
0.399331461504858
0.371184030283021
0.448468557846223
0.432992307259649
0.612516818374472
0.731200317619659
0.699474002078852
0.275618180914121
0.020840400355375
-0.0528652441566718
0.299509643890253
0.488416631233812
0.734779199402999
0.568022596828735
0.196012215319198
-0.197858369779378
-0.351750339711232
-0.630709761890737
-0.811685171299955
-0.894289660121149
-0.788277341511226
-0.457182299764085
-0.145916203486703
-0.0171731402826017
-0.19534347974051
-0.282687569994813
0.00101145361780142
0.597717652982448
0.909563954411348
0.80413214903186
0.577695252969913
0.653915788788643
0.476712715705541
-0.321861830282557
-0.735948268668629
-0.234904645310363
0.229673061073989
-0.0917493245319742
-0.192054775333982
0.422158931468703
0.903954122587646
1.05997392260289
1.00735466858004
0.883834841264264
0.744258403537031
0.815836064560132
0.853559425285667
0.76844004515779
0.686125736249038
0.682159946647961
0.697346018589907
0.909080475897311
0.208973575866904
-0.766320411284707
-1.03850897391182
-0.853567774901529
-0.731595572517629
-0.580025040617497
-0.740687870101738
-1.01007136277755
-1.22190254672243
-1.62670323424943
-1.69760380881017
-1.69712017689058
-1.6720679955325
-1.19510928715751
-0.831223938125087
-0.688068617346699
-0.763031708145994
-0.903285231067778
-1.0909347733919
-1.07091237464718
-0.913731700308801
-0.738269706700351
-0.996626370310251
-1.31311570120814
-1.31601749779694
-0.960353906611297
-0.800658342234048
-0.767964762854064
-0.839542422609351
-1.0280625046708
-1.23060793775662
-1.13717007314448
-1.06307752208251
-0.919825474666638
-0.711573173772908
-0.3629706220521
-0.28878134435265
-0.694936203536567
-0.926499607581545
-1.02699851165851
-1.1274974170033
-1.29241621473324
-1.6504012439506
-1.6970234502531
-1.69712017689058
-1.69692672361562
-1.69712017689058
-1.69712017689058
-1.69741035553521
-1.69731362889773
-1.69750708217269
-1.69770053544765
-1.69741035553521
-1.69731362889773
-1.69799071536009
-1.69741035553521
-1.69712017689058
-1.23718534530186
-0.656148849798745
-0.613879339647249
-0.952325602039476
-1.69044604270786
-1.63705297812079
-0.702384149551319
0.231607592555787
0.720947300385782
1.01518936647135
1.29008658302684
1.35808520505761
1.67234997923463
1.51758747083326
1.06510027591256
0.606906677204038
0.336072286233835
-0.381058490582837
-1.06414151382698
-0.827548328436452
-0.648410723871551
-1.3507423352962
-1.69721690352806
-1.61548295317638
-0.730047947585753
-0.17454726662813
-0.265470241201402
-0.495679473589465
-0.929014498888228
-1.11124735331688
-0.00614631248450889
-0.0096284688981833
-0.0095317422607027
-0.00991864754281077
-0.579057775510505
-1.09538419618038
-0.563291345011489
-0.0303279541052686
0.271942571225485
0.152098353598345
0.351161630270486
0.93326211751807
1.70668775677842
1.75108509701331
1.75147200356323
1.75108509701331
1.75137543159911
1.75147200356323
1.73705989939449
1.72264779522576
1.65648682209813
1.47812303063308
1.05513759326449
0.750932536451938
0.662621179822828
1.02940832671185
1.28302538888865
0.99303913637542
0.518982225857037
0.235476655519384
0.45736740215537
0.511340827835138
0.372344748664974
-0.14823764025061
-0.971090555764763
-1.61451568680157
-1.58482063064786
-0.652763420022551
0.374472733421734
1.21164118114051
1.19587459596812
0.94970563447945
0.830635228684341
0.899117485170325
0.363832810905749
-0.0098219221731445
-0.0103055540927335
-0.0105957340051753
0.0608851991126309
-0.0489961811930747
-0.168356766900626
-0.515411693689559
-0.660598272587226
-0.815457507626072
-0.699965984882117
-0.718827666512699
-0.375545076049883
-0.0098219221731445
-0.010112100817772
-0.00991864754281077
-0.010112100817772
-0.00924156234826061
-0.0102088274552526
-0.010112100817772
0.0368970107668327
-0.0304246807427492
-0.335887182574735
-0.470530565593899
-0.00856447588589612
-0.00798411732882684
-0.0102088274552526
-0.0104022807302141
-0.00933828898574121
-0.0098219221731445
-0.0100153741802914
-0.0103055540927335
-0.276206890354867
-0.442286407734581
-0.331341034416588
-0.351266706523828
-0.165068063761913
0.188177364022338
0.601393262671084
0.878514880006272
1.07119420367595
1.47638164307951
1.7354157024985
1.72554928246782
1.71026679450294
1.73580260904843
1.75137543159911
1.75137543159911
1.75205267146703
1.75118197832415
1.76230537808636
1.75456725342698
1.75156888487408
1.75166576618492
1.75156888487408
1.75176233814904
1.75166576618492
1.75166576618492
1.75156888487408
1.75166576618492
1.7574693593625
1.75669554753047
1.76114465970441
1.75147200356323
1.751278859635
1.75524449456271
1.75166576618492
1.75156888487408
1.75147200356323
1.75572797180893
1.76598129838954
1.75979079739422
1.75447068146287
1.76298261922209
1.76375643232194
1.75592173443063
1.75137543159911
1.75630864098055
1.75892010298353
1.75156888487408
1.75156888487408
1.75176233814904
1.75156888487408
1.75118197832415
1.75447068146287
1.76578753576785
1.76607786908584
1.76578753576785
1.7658844170787
1.7658844170787
1.7658844170787
1.76027427590826
1.75921012822261
1.76298261922209
1.75137543159911
1.7442176654968
1.59574253813379
1.07545017318947
0.821736384375194
0.894861515656805
1.2155102441041
1.31852388354658
1.10417780956282
0.652658343769209
0.477099622255463
0.700828175003581
1.14673749962676
1.65996897851181
1.73551227446262
1.73725335266946
1.73444812677697
1.72245403260407
1.72999901460303
1.75166576618492
1.76114465970441
1.75543794656986
1.76317607249705
1.7658844170787
1.76578753576785
1.7632729538079
1.75611487835886
1.76220880739006
1.76433679087901
1.75118197832415
1.75166576618492
1.75079507177423
1.61847312678679
0.967019844583708
0.376213811628571
0.153645978530221
0.0427006052122281
-0.0269425243290747
-0.161102274160835
-0.160908820885874
-0.0459009313293227
-0.100744895478602
-0.0285868758984312
-0.0541226891761055
0.212552458918059
0.47593890387351
0.656430680095325
0.737777723897085
0.784013023649659
0.806840493613504
0.773953459690744
0.812160454871496
0.642405327803147
0.304249245323362
0.00623468823831289
0.234993022331981
0.240506436864935
0.0250963698688948
-0.216526598134999
-0.185380642419075
-0.162940079005153
-0.603045963856303
-0.898061996447266
-1.17315235693099
-1.19491583388255
-1.04373220853234
-0.654407771591908
-0.26024700658089
0.084002848988918
0.370990577008059
0.256756500551354
0.450403089328021
0.473907645754231
0.570053854948014
0.477196348892944
0.606519770654115
0.591914058537053
0.140007532787965
-0.356006309224751
-0.64763691203952
-0.423714907284256
-0.302419790094906
-0.171838923314301
-0.144368577287013
0.00855612627003413
-0.0755959874830362
-0.173773454796099
-0.226973067376022
-0.495776200226946
-0.62335854378128
-0.860628814366359
-0.823292360190746
-0.890323871787886
-1.10234850900773
-1.19675363872686
-1.14858380876031
-0.984148642949949
-1.02525743345168
-0.87446071465139
-0.754519769118955
-0.477107971871325
-0.422554187634488
-0.591051869683404
-0.729951220948273
-0.861886260653607
-0.874073808101467
-1.11676076784983
-1.12198400247034
-1.19859144357118
-1.19539946706995
-1.31446987286506
-1.23234901596345
-0.886648262099251
-0.71679640839342
-0.532822475757931
-0.550716891013706
-0.525471256380659
-0.681201031156831
-0.0104022807302141
-0.0100153741802914
-0.00991864754281077
-0.0097251955356639
-0.0105957340051753
-0.0102088274552526
-0.0095317422607027
-0.0102088274552526
-0.0097251955356639
-0.0096284688981833
-0.00991864754281077
-0.0104990073676947
-0.0097251955356639
-0.0097251955356639
-0.0100153741802914
-0.0098219221731445
-0.0100153741802914
-0.00991864754281077
-0.0097251955356639
-0.0095317422607027
-0.0104022807302141
-0.0096284688981833
-0.010112100817772
-0.0102088274552526
-0.00991864754281077
-0.0097251955356639
-0.0097251955356639
-0.0103055540927335
-0.570836016395907
-0.796305647350862
-1.02719196493348
-1.42880067595925
-0.0105957340051753
-0.0100153741802914
-0.0102088274552526
-0.010112100817772
-1.6946052855839
-1.69692672361562
-1.6970234502531
-1.69673327034066
-1.69741035553521
-1.69712017689058
-1.69682999697814
-1.69731362889773
-0.010982640555098
-0.0102088274552526
-0.00788739069134595
-0.00817756933597343
-0.0104990073676947
0.192723512180485
0.339360989372548
0.602747434327999
0.703633244954891
0.6963787522151
0.608841208685836
0.535038836268494
0.449048917671106
0.516854242368092
0.947674531033537
1.08115719567075
0.891960028414747
0.409874657383362
0.0714283962589493
-0.0551866821883927
-0.233743926928409
-0.304451048214185
-0.266244054301247
0.21990367829533
0.567732416916293
0.466943332926882
0.0662051603706232
0.119694952862988
0.648402374255689
1.06200502478099
1.36659714281683
1.39116569098751
1.23978876703571
0.937131180481667
0.814675344910364
0.997004771303132
1.18030177341744
1.22411875382744
1.52735669893855
1.73667299284457
1.73676956480869
1.70204488198279
1.59699982847986
1.55105455396636
1.58074976479344
1.53857698127942
1.35073398568034
1.26445388717051
1.08734769539825
1.07341906974355
1.21154460917639
1.2018719517674
0.702279073297976
-0.130536678269796
-0.372546551555797
-0.562614258549124
-0.6981281800378
-0.518797123465752
0.0484074730201431
0.640664249596309
0.542680235558208
0.411325555677757
0.48522465473258
0.459785566824572
0.494316951048874
0.593074778186821
0.814191712990776
0.669005134093108
-0.149398359900378
-0.893419121651638
-1.20439503801658
-1.25295177580087
-1.47203745248555
-1.69682999697814
-1.58104829432174
-1.15622520678221
-0.931529388927095
-0.519087303378194
-0.0462878378792453
0.195818762044237
-0.141176600785781
-0.837607892395367
-1.15912700463881
-1.33865151448582
-1.44427692781363
-1.41342115201015
-1.26610658835573
-1.16570441091624
-1.22741596125538
-0.0106924606426559
-0.0102088274552526
-0.0108859139176174
-1.26775093992508
-1.4199018316501
-1.41351787864763
-1.54767762847939
-1.65059469722557
-1.6965398170657
-1.59188167011269
-1.41245388690316
-0.00991864754281077
-0.0098219221731445
-0.0097251955356639
-0.00991864754281077
-0.0102088274552526
-1.69450855894642
-1.69692672361562
-1.69731362889773
-1.69712017689058
-1.6970234502531
-1.6970234502531
-1.69799071536009
-1.69731362889773
-1.64546818924253
-1.55967172265229
-1.36844329727701
-1.29667218424676
-1.24676127480555
-1.04924562306529
-0.858307377602452
-0.656729209623629
-0.0104990073676947
-0.00991864754281077
-0.0102088274552526
-0.0103055540927335
-0.0097251955356639
-0.0102088274552526
-0.0096284688981833
-0.0098219221731445
-0.010112100817772
-0.0100153741802914
-0.00991864754281077
-0.0100153741802914
-0.010112100817772
-0.010112100817772
-0.0107891872801365
-0.0102088274552526
-0.00827429597345431
-0.0100153741802914
-0.0103055540927335
-0.0105957340051753
-0.0097251955356639
-0.0098219221731445
-0.010112100817772
-0.0104990073676947
-0.0098219221731445
-0.0098219221731445
-0.0103055540927335
-0.0100153741802914
-0.0098219221731445
-0.0100153741802914
-0.00991864754281077
-0.0104022807302141
-0.0103055540927335
-0.0100153741802914
-0.0105957340051753
-0.010112100817772
-0.0098219221731445
-0.0100153741802914
-0.0102088274552526
-0.0104990073676947
-0.0096284688981833
-0.00991864754281077
-0.0104990073676947
-0.0097251955356639
-0.00991864754281077
-0.0096284688981833
-0.00991864754281077
-0.0103055540927335
-0.00991864754281077
-0.0100153741802914
-0.0100153741802914
-0.010112100817772
-0.00991864754281077
-0.0102088274552526
-0.0104990073676947
-0.0105957340051753
-0.0097251955356639
-0.0102088274552526
-0.0102088274552526
-0.0105957340051753
-0.010112100817772
-0.010982640555098
-0.0098219221731445
-0.0102088274552526
-0.0104990073676947
-0.0106924606426559
-0.0106924606426559
-0.0104990073676947
-0.00991864754281077
-0.0104022807302141
-0.0098219221731445
-0.0104990073676947
-0.0100153741802914
-0.010112100817772
-0.0108859139176174
-0.0105957340051753
-0.0103055540927335
-0.0106924606426559
-0.0105957340051753
-0.0106924606426559
-0.0103055540927335
-0.010112100817772
-0.0097251955356639
-0.0103055540927335
-0.0105957340051753
-0.0106924606426559
-0.00837102261093491
-0.0100153741802914
-0.0103055540927335
-0.0104990073676947
-0.00991864754281077
-0.0103055540927335
-0.0103055540927335
-0.0104990073676947
-0.0105957340051753
-0.0102088274552526
-0.0097251955356639
-0.00837102261093491
-0.00924156234826061
-0.0105957340051753
0.520820030701355
0.432895580622168
0.374956366609137
0.300863815547168
0.225030186278361
0.273006564237772
0.360640834404517
0.26120592207202
0.485805013289649
0.72704107474362
1.0120941166076
1.17507853879692
1.15660391838963
0.970888907547305
0.689124259475309
0.354740513321641
0.138266454581128
0.224740006365919
0.594235496568774
0.924363273208923
1.21376916589727
1.29608332013265
1.14209462356332
1.183687357867
1.25304015155468
1.43362880908734
1.73309426446678
1.7235181790219
1.73067594512421
1.73696332743038
1.73715647135861
1.73725335266946
1.74982780666724
1.75040816522431
1.75098852504919
1.75118197832415
1.75147200356323
1.75137543159911
1.75147200356323
1.75156888487408
1.751278859635
1.75147200356323
1.74431454680765
1.68947042798501
1.31552551499367
1.13184191694399
1.21570369737906
1.27180510654778
1.2891190073053
1.43817480383993
1.71084684498109
1.74305694584704
1.75108509701331
1.75108509701331
1.75389032163798
1.75398720294883
1.75147200356323
1.76298261922209
1.76578753576785
1.76298261922209
1.7658844170787
1.76598129838954
1.7658844170787
1.76578753576785
1.76578753576785
1.76578753576785
1.76569096380374
1.76559439183962
1.75969391608338
1.76482057873977
1.75959703477253
1.75253614998107
1.75137543159911
1.75156888487408
1.75137543159911
1.70020723181184
1.19123171990468
1.02089638895263
1.37249761857307
1.70736468856742
1.73715647135861
1.75156888487408
1.75156888487408
1.74160620222601
1.6236963614073
1.06935624415826
0.813514626528411
0.751609622914302
0.668231320993263
0.692122783969395
0.63147522537472
0.59085006679258
0.633119576944077
0.633990115413588
0.634377021963511
0.616772786620177
0.60506887235972
0.720173488553752
0.841178424562845
0.713982987558434
0.593461683468929
0.642211874528185
0.716788058777558
0.774243639603186
0.770277850002108
0.699667455353813
0.702279073297976
0.610969192174782
0.448081652564115
0.405908867782284
0.380082874592168
0.223869466628593
0.192143152355601
0.151904900323384
0.112537186760678
0.269621133193764
0.310729924963307
0.457077222242928
0.620448396308813
0.527300711609115
0.333170489645044
0.364800077280556
0.284613751860749
0.159256119700655
0.263624086741222
0.320789488922222
0.361995006061431
0.489287169703324
0.684965017867085
0.875129450230078
1.07109763171183
1.06210190609184
1.16830767797672
1.32219980258194
1.44098002846461
1.58394158662131
1.73609263301969
1.73715647135861
1.70591394367857
1.35963282998948
0.857041581699341
0.671326570857015
0.656527406732806
0.410455017208246
0.23267158430026
0.2204840368524
0.275618180914121
0.234315935869617
0.112730640035639
-0.122992006885378
-0.0989070906342842
-0.005565952659625
0.167574604184919
0.471199302440402
0.690865337682146
0.734392294120891
0.782562124087449
0.829184330389946
0.693863862176232
0.617256419807581
0.61512843505082
0.441020613099285
0.371377483557982
0.288869721374268
0.139040266413159
0.373312015039781
0.561251737276348
0.261302648709501
0.0323508626086854
-0.08613918336154
-0.20095361964313
-0.163326985555076
0.0122317359586697
0.164866260871089
0.305796870255237
0.238378452108175
0.0610786523875924
0.102090717519655
0.265655344860501
0.202879801509066
0.159836479525539
0.159062666425694
0.00313943837456117
-0.12115420204106
-0.156556126002688
-0.196987831309866
-0.243223131062441
-0.559905915235295
-0.983278103212623
-0.775412708868816
0.0597244807306777
0.737487543984643
1.12013784801016
1.37772054384685
1.29521293633651
1.05968358801709
0.70131180692317
0.304926331785726
0.149390009016701
0.148326017272229
0.245826398122927
0.620835302858736
0.979690870545606
1.05300960977554
1.06732514071235
1.14654435569853
1.20225885831732
1.09160366491177
0.882190489694908
0.703052885130007
0.608260848860953
0.723365465054984
0.800940172530628
0.797458016116954
0.822510197475039
0.818157501324039
0.94303165623791
1.10785372859819
1.22644019059135
1.2692902152411
1.18900716445162
1.05562138112526
0.78478683548169
0.374569460059215
0.00342961828700297
-0.146012930124184
-0.172129103226742
-0.0183338599323695
0.147648930809864
0.532427219592146
0.568216050103696
0.459688840187091
0.488996989790882
0.553416884711673
0.49528421742368
0.523528375282998
0.792621688046365
0.892056600378862
0.695991845665178
0.350000911888532
0.0603048405555616
0.0119415560462277
-0.0709531126874083
-0.294004578973162
-0.383379927346743
-0.25744193662958
-0.226489434188618
-0.199502721348735
-0.094167489201176
-0.04048424343385
-0.0125302654869738
0.0748138260351431
0.00526742313132092
-0.0271359776040359
0.0351559325599954
-0.0965856526025632
-0.222717097862502
-0.210723003689603
-0.21246408189644
-0.310738274579169
-0.327181791540549
-0.321474923732634
-0.306869212883387
-0.822518547090901
-1.60416594419803
-1.69682999697814
-1.69750708217269
-1.69682999697814
-1.6970234502531
-1.69682999697814
-1.69731362889773
-1.69779726208513
-1.6970234502531
-1.69692672361562
-1.69741035553521
-1.69760380881017
-1.69712017689058
-1.69721690352806
-1.69789398872261
-1.69750708217269
-1.69692672361562
-1.69692672361562
-1.69731362889773
-1.45936627185029
-1.03715480225491
-0.64260713069397
-0.569965477926396
-0.667659312052056
-0.599563807442628
-0.517636403815984
-0.418298219388783
-0.324279994951759
-0.388312983322628
-0.409399375079635
-0.31799276731896
-0.330567221316743
-0.50419141134869
-0.564645516668404
-0.625196348625598
-0.924661802737227
-1.08406718720203
-0.954743765440863
-0.539303155397876
0.0914507950036701
0.724139278154829
1.07699779812134
1.31987836581804
1.09566587053578
0.586303917366619
0.361898279423951
0.27271638432533
-1.15932045791377
-1.69673327034066
-1.69682999697814
-1.69692672361562
-1.6970234502531
-1.6970234502531
-1.6970234502531
-1.69779726208513
-1.69692672361562
-1.69721690352806
-1.69712017689058
-1.69799071536009
-1.69721690352806
-1.6970234502531
-1.69712017689058
-1.69721690352806
-1.69789398872261
-1.69712017689058
-1.69712017689058
-1.69808744199757
-1.69692672361562
-1.69721690352806
-1.69731362889773
-1.69779726208513
-1.69750708217269
-1.69712017689058
-1.69721690352806
-1.69799071536009
-1.69760380881017
-1.69692672361562
-1.69721690352806
-1.69731362889773
-1.69808744199757
-1.69760380881017
-1.6970234502531
-1.69692672361562
-1.6970234502531
-1.6970234502531
-1.69692672361562
-1.69682999697814
-1.6970234502531
-1.69721690352806
-1.6970234502531
-1.69692672361562
-1.69692672361562
-1.6970234502531
-1.69692672361562
-1.69692672361562
-1.6970234502531
-1.69682999697814
-1.69712017689058
-1.69741035553521
-1.69731362889773
-1.69712017689058
-1.69721690352806
-1.69866780182246
-1.69692672361562
-1.69721690352806
-1.6970234502531
-1.69779726208513
-1.6970234502531
-1.69712017689058
-1.69712017689058
-1.69731362889773
-1.69712017689058
-1.69721690352806
-1.69712017689058
-1.69712017689058
-1.69712017689058
-1.69692672361562
-1.6970234502531
-1.69779726208513
-1.6970234502531
-1.69692672361562
-1.6970234502531
-1.17702141989459
1.75592173443063
1.76540062921793
1.7658844170787
1.76578753576785
1.7658844170787
1.76598129838954
1.76598129838954
1.7658844170787
1.76559439183962
1.76598129838954
1.7658844170787
1.76578753576785
1.76598129838954
1.7658844170787
1.76578753576785
1.76598129838954
1.7658844170787
1.76598129838954
1.7658844170787
1.7658844170787
1.76598129838954
1.76578753576785
1.76598129838954
1.76578753576785
1.76578753576785
1.7658844170787
1.76578753576785
1.76336952577201
1.76598129838954
1.76598129838954
1.7658844170787
1.76617444104996
1.76540062921793
1.76598129838954
1.76598129838954
1.76578753576785
1.76598129838954
1.76578753576785
1.7658844170787
1.76578753576785
1.7658844170787
1.76607786908584
1.76569096380374
1.7658844170787
1.7658844170787
1.76598129838954
1.76598129838954
1.76549751052877
1.76607786908584
1.76598129838954
1.7658844170787
1.76598129838954
1.7658844170787
1.76607786908584
1.7658844170787
1.76598129838954
1.7658844170787
1.76569096380374
1.7658844170787
1.76569096380374
1.76559439183962
1.76607786908584
1.76578753576785
1.76598129838954
1.76598129838954
1.76607786908584
1.7658844170787
1.76578753576785
1.76607786908584
1.76578753576785
1.75882322167269
1.7632729538079
1.76307919118621
1.75727559674081
1.7658844170787
1.76569096380374
1.76598129838954
1.76569096380374
1.76598129838954
1.7613384223261
1.75766250329073
1.75156888487408
1.75147200356323
1.75137543159911
1.75166576618492
1.75156888487408
1.75147200356323
1.75156888487408
1.74847363374251
1.75147200356323
1.75156888487408
1.75669554753047
1.75147200356323
1.75263272194518
1.7551479225986
1.75214924343115
1.75156888487408
1.751278859635
1.73725335266946
1.71519969453764
1.52696979365645
1.090442945262
0.688930806200348
0.887026817765497
1.15021965604043
0.810032470114737
0.572762198261844
0.716981512052519
0.821252752455605
0.827249798908148
0.779660327498659
0.968277134929776
0.884221747814187
0.842919502769683
0.735746465777806
0.880739591400512
0.817383689492008
0.649756547180418
0.532040313042223
0.555351416193472
0.48096868521906
0.327173441924687
0.442181331481238
0.611259372087224
0.596556934600495
0.501861623701107
0.596653661237976
0.761765912242884
0.541809697088696
0.0801337872931355
0.157321588218857
0.918462798720496
1.42037711522164
1.60164270327549
1.67573525433745
1.68598827157133
1.73696332743038
1.75089195308508
1.73309426446678
1.32829342226641
0.649176187355534
0.496831842355557
0.97166272064715
1.63298211226637
1.74673255553567
1.75147200356323
1.75147200356323
1.75040816522431
1.65861449750816
1.06045739984912
0.688737354193201
0.51666078909313
0.218162600088493
0.786818093600969
1.36911203412352
1.6726400044737
1.29927545130725
1.03018213854389
0.97601526085697
1.1759492319398
0.999133065406623
0.760701920498411
0.638342811564588
0.965181885066024
0.891089334004055
0.71775532388455
0.629540693892921
0.220097130302477
-0.0598295569840206
-0.492971129007822
-0.497614005071264
-0.248543092320433
0.145134040770996
0.480678505306618
0.625381451016882
0.630991592187317
0.715046980570721
0.726847621468659
0.728878879587938
0.861781184400264
0.875516356780001
0.774437092878147
0.379986147954688
0.452047440897378
0.142232244182206
0.363736084268269
0.634086842051069
0.62934724061796
0.281228322084555
0.33761991116571
0.548193650091161
0.50021727213175
0.596750387875456
0.689414439387751
0.929586507829435
1.00106759688842
1.23737044769314
1.16821110728042
1.41321934911933
1.72255091391491
1.69411330278063
1.67660594874815
1.52503526217465
1.48750535345626
1.35711793995062
1.56653080455293
1.49234168152685
1.13435649890394
0.834020658460535
0.729459238145007
0.972726557718257
1.01199754464348
0.946706956579814
0.696185298940139
0.880739591400512
0.939452618513389
0.952510549757395
0.947771102997652
0.972436532479181
0.818447681236481
0.767956413238202
0.560477924176503
0.537360274300215
0.276682172658594
0.326883262012245
0.208006309492097
-0.0467714710666486
0.231607592555787
0.280938142172113
0.202686348234105
0.200461638107679
0.298832557427889
0.13207595358581
0.427285439451734
0.611646278637146
0.625768357566805
0.524979273577394
0.370410217183175
0.49731547554296
0.418773501692509
0.71775532388455
0.711661550794527
0.615902248150666
0.244665679740974
0.149196557009554
0.370797123733098
0.896119115349605
0.993812949475265
0.79687765629207
0.569473495123131
0.134397391617531
0.0551783325725307
-0.328826143109906
-0.739043518532381
-0.880070855821824
-0.176481798109928
0.32756034847461
0.651013992199852
1.00909574678688
1.30643321740956
1.15534631869683
0.932391424375194
0.487642818133967
0.329398153318928
0.0778123492614143
0.0232585650245769
-0.0294574143679426
-0.130439951632315
-0.0823668483032381
-0.165454970311836
0.076845082886608
0.0801337872931355
-0.170678204932347
-0.382702842152193
-0.20743430055089
0.0333181277156777
0.17270111216795
-0.147463828418579
-0.211400090151967
-0.409205921804674
-0.362583715502177
-0.232099575359053
-0.197858369779378
0.0258701817009256
-0.275529803892502
-0.433774469975356
-0.199019089429146
0.0421202453873442
-0.29100605574689
-0.194472940003184
-0.245544567826347
-0.170484751657386
-0.424198539203844
-0.600531073817435
-0.839252243964723
-0.727049424359482
-0.24815618577051
-0.0588622918770283
0.381727226161525
0.542003149095843
-0.0180436800199274
-0.489488972594147
-0.544042756830985
-0.52556798301814
-0.326988338265588
-0.388216256685147
-0.460954634822387
-0.92292072453039
-0.521795646692023
-0.192441681883905
0.128013438615066
0.291578064688098
0.599265277914324
0.633409756856519
0.530589414747828
0.448758737758665
0.397010023473137
0.232865037575221
0.238184998833214
0.410745197120688
0.522464383538526
1.03250357657561
1.1954876894182
1.29995238309625
1.00977267857588
0.96169972865235
0.722204746673031
0.747547106675744
0.910241194279264
0.904244147826722
0.713305902363883
0.66784441444334
0.39749365666054
0.589689348410627
0.677710525127294
0.931424467347118
0.861587731125303
0.907145944415513
1.22847160338399
1.32780963440565
1.39735619198283
1.02882796688697
0.809935743477256
0.620351669671332
0.58872208203582
0.184018121146299
0.554867783006068
0.580210144276596
0.572375291711921
0.260819015522097
0.450789995877944
0.256756500551354
0.116986609549159
0.1028645306195
-0.0183338599323695
0.0917409749161122
0.27977742379016
0.0629164572319103
-0.131310491369641
0.0154237124599024
0.0289654328324919
-0.138081350922029
-0.177352337847254
-0.0928133175442614
-0.229101052132782
-0.385121005553581
-0.840316235709196
-0.892451856544646
-0.668626577159048
-0.140499515591231
0.361898279423951
0.933165236207224
0.612516818374472
0.206071778010299
-0.0961020206829746
-0.0705662061374856
-0.55913210213545
-0.420136024233101
-0.370321841429371
-0.269919662722068
-0.254540138772975
-0.357553934156627
-0.345269660071286
-0.240514786480797
-0.429421773824356
-0.725695252702567
-0.667659312052056
-0.374384356400115
-0.440158422977821
-0.499741989828024
-0.449347447199411
-0.276497070267309
-0.202307792567859
-0.354555410930356
-0.351363433161309
-0.564258610118481
-0.539980241860241
-0.660308092674784
-0.73111194059804
-1.01635858914253
-0.885294090442336
-1.12053310417595
-0.922533817980467
-1.05137360782205
-0.869721111950467
-1.07497488961793
-0.804914311747568
-0.901253974216313
-0.87223600325715
-0.875524706395863
-0.843508212210428
-0.793887482681661
-0.57344763434007
-0.873396721639103
-0.825226891672545
-0.783150833528195
-0.796789280538266
-1.10708811044084
-0.961901531543173
-0.896320918240429
-0.849215080018343
-0.657116116173552
-0.663500069176017
-0.428357782079883
-0.26024700658089
-0.385798092015945
-0.691357320485412
-0.800174710314459
-0.973702173708926
-1.10563721214645
-1.22422398475415
-1.19385184213807
-1.3406827726051
-1.07613560926769
-1.07429780442338
-0.840316235709196
-0.813426249506793
-0.349138723034883
-0.0755959874830362
-0.0516077991372377
-0.418104766113821
-0.585635181787931
-0.772704364287172
-0.608365925114295
-0.847474001811506
-0.612331714715373
-0.764869512990312
-0.751617972530164
-0.890710777069994
-0.65256996674759
-0.669110210346451
-0.458826651333442
-0.616394230953931
-0.66398370236342
-0.554392500702342
-0.197761643141897
-0.280753038513014
-0.262278264700169
-0.253863053578425
-0.0975529189773698
-0.029360687730462
0.120855672512756
-0.116608052615098
-0.0583786586896253
-0.0184305865698501
-0.100938348753564
-0.239934426655913
-0.215946238310115
-0.329793409484712
-0.322055283557518
-0.274078905598107
-0.379704317658108
-0.558455015673086
-0.611557901615528
-0.670851288553288
-0.635546091229141
-0.756551027238234
-0.891774770082282
-0.972251274146716
-1.08174574917031
-1.3575131961164
-1.31050408326398
-0.794758022418987
-0.142434047073029
0.334911567851881
0.658461938214604
0.664362258029666
0.542486782283247
0.224159646541035
-0.226005801001215
-0.476527613314256
-0.48000976972793
-0.530984670913613
-0.671625100385319
-0.874267261376429
-1.06810730342806
-1.02361308188232
-1.05340486594133
-1.13010903367965
-1.20342777290959
-1.16908984069243
-1.31746839609133
-1.39562346339186
-1.42773668421477
-1.49660600065623
-1.42522179290809
-1.23379991552566
-1.16454369253428
-1.10815210345313
-0.985309361331902
-0.760903723389234
-0.692808218779807
-0.849601986568266
-1.05978881894379
-1.05824119401192
-1.01036154268999
-1.17102437217423
-1.24966307266216
-1.24028059516561
-1.12604651744109
-1.02980358287764
-0.825130165035064
-0.876685424777816
-0.909669185338057
-0.937332983372491
-0.950681250470119
-0.980666486536274
-0.980859939811236
-1.04760127149593
-0.85298741634446
-0.877652691152623
-0.851149611500142
-0.787890436229118
-0.595307839196923
-0.7024808761888
-0.614459699472133
-0.67114146846573
-0.594920932647001
-0.543849304823838
-0.493551488832705
-0.820584015609103
-0.829289406643289
-0.88877624685601
-0.800174710314459
-0.8465067354367
-0.780055583664444
-0.892935488464235
-0.712153532329978
-0.602755783943861
-0.593663486359752
-0.772801090924653
-0.654214318316947
-0.593083127802683
-0.208401565657882
-0.142434047073029
-0.0239440011028036
-0.222523644587541
-0.517926583728426
-0.696387101830962
-0.346043471903317
-0.0458042046918421
0.366250975574951
0.447598019376711
0.47593890387351
0.186436285815501
0.209457207786492
0.187983910747377
0.357448857903284
0.346131848924935
0.261109195434539
0.166026979253043
0.370313491813509
0.486772279664456
0.669198587368069
0.899698153074126
1.17324088862597
1.26406698062058
1.29057006027306
1.13716172352861
1.04575496236239
1.14257841142409
1.08609009570545
1.06316574443076
0.800649992618186
0.508825936528456
0.345648215737532
0.546549298521805
0.355514326421486
0.208683395954462
0.128110163984732
0.324271645335897
0.487255911584044
0.47603563051099
-0.0263621645041909
-0.338402073881418
-0.534370100689806
-0.268081859145565
0.264204446566106
0.888671014661487
1.16347134990613
1.39348712901924
1.38217027598207
1.41592769243316
1.33496770985469
1.19906672714272
1.00957953464765
0.987235543197839
0.773566554408636
0.615805521513185
0.603617974065325
0.575470542843487
0.672390563869302
0.749868544707465
0.826379260438636
0.656043773545402
0.432992307259649
-0.0192043984018808
-0.119122943921781
-0.203952144137215
-0.327085064903069
-0.484652644523558
-0.451862338506093
-0.5276959677749
-0.521795646692023
-0.536788265359008
-0.408335382067348
-0.495002387127101
-0.664467334283009
-0.780539216851847
-0.637093716161016
-0.683038836001149
-0.780442490214366
-0.950294343920197
-1.03318901265383
-0.901253974216313
-0.717763673500412
-0.810717906192963
-0.874944346570979
-0.921856732785917
-0.952809233959065
-0.663693522450978
-0.0605066434463851
0.610388833617712
0.891669693828939
1.00590361561228
0.691639150781992
0.501281265144037
0.211391739268291
0.217098607076206
0.265752071497982
0.327366895199648
0.220870943402322
0.270878579481012
0.186629737822647
0.225707271472911
0.046763120182972
-0.173676728158618
-0.386184998565868
-0.433484290062914
-0.386088271928387
-0.80307650690325
-1.59613763962621
-1.69663654370318
-1.6970234502531
-1.69721690352806
-1.69741035553521
-1.69721690352806
-1.69731362889773
-1.69731362889773
-1.69731362889773
-1.69692672361562
-1.6970234502531
-1.6970234502531
-1.69731362889773
-1.69692672361562
-1.69750708217269
-1.69682999697814
-1.35538521135964
1.2614555186176
1.75292305653099
1.75582485311978
1.76259571267217
1.76278916594713
1.7658844170787
1.75930700953346
1.751278859635
1.75137543159911
1.751278859635
1.71365206960577
1.57494617034804
1.57765451492969
1.60464138244294
1.56295207617514
1.35112089223026
1.24114262934589
1.151961043594
0.962763876338003
0.633313030219038
0.322046933941656
-0.0514143458622765
-0.0467714710666486
0.347872927131772
0.0636902703317554
-0.399533264395682
-0.617651675973365
-0.430485766836643
-0.212754261808882
-0.24873654432758
-0.710122275478513
-0.697644548118211
-0.130246498357354
1.06645475691621
1.75118197832415
1.751278859635
1.7658844170787
1.76578753576785
1.76559439183962
1.7658844170787
1.76578753576785
1.76598129838954
1.7658844170787
1.75901698429438
1.75040816522431
1.75118197832415
1.74412078418596
1.32839030357726
0.926394686001568
0.766021881756403
0.925717446133652
1.05978046932793
1.1639551377669
1.04556181843416
1.01992912257782
0.708759752937922
0.628670154155596
0.705277596524247
0.697732923872015
0.711081190969643
0.725783629724186
0.675872720282976
0.526043266589681
0.325142183805408
0.12994796882905
0.204814332990865
0.0909671618162668
-0.0142713436938112
-0.110514279525075
-0.147754008331021
-0.194666393278146
-0.120864022128618
-0.0534456039815557
0.0858406538332359
0.174152010462345
0.000431095060731856
0.110409202003918
0.205975051372818
0.201428903214671
0.0125219158711118
0.0328344945282744
-0.0782076054271992
0.0944493194977558
0.0200665885233445
-0.143014405630099
-0.194182760090742
-0.316251689112123
-0.452636150338124
-0.408432108704829
-0.279398866856099
-0.344979480158844
-0.259473193481045
-0.336370815762139
-0.184219924037122
-0.283461383094658
-0.303387056469712
-0.324279994951759
-0.284138468289208
-0.32447344822672
-0.213818253553355
-0.271370562284278
-0.310061189384619
-0.303290329832232
-0.415299694894697
-0.345076206796325
-0.268855670977596
-0.101905613860556
0.137492641481283
0.481258865131502
0.215260802231888
-0.293424219148278
-0.387345716947821
0.218936411920524
0.923782914651854
0.91333644541083
0.584079207240193
0.182373769576942
-0.00633976449165576
-0.151042711469735
-0.156169219452766
-0.304354321576704
-0.389667154979542
-0.63109666844066
-0.793016944212149
-0.560969906979768
-0.434161376525279
-0.48997260578155
-0.368193856672612
-0.127634881681005
0.0622393720373602
0.279293790602757
0.285774470242702
0.619481131201821
0.558640119332185
0.396623118191029
0.33761991116571
0.654592875251007
1.2174447755859
1.52513183413876
1.53548173141567
1.60599524475312
1.67660594874815
1.48450667555662
1.22054002544965
0.705277596524247
0.316823699321145
0.250179093006113
0.688350447643279
1.03656609281416
1.40199906677846
1.40780266122386
1.26222933044963
1.28273536364957
0.861587731125303
0.363639357630788
-0.0114662737425012
-0.0645691596849434
-0.0697923943054548
0.0495681914020963
0.180729418007586
0.588528628760859
0.835858463304853
0.859266293093582
0.848142737390194
0.577405073057471
0.572955651536805
0.361511374141843
0.287225369804912
0.259851750415105
0.188951175854368
-0.104904138354641
-0.118542584096897
-0.101228528666005
0.0173582439417006
0.0652378952636313
0.0345755727351115
0.262753547003896
0.287805728361982
0.106249960395694
-0.237129356704603
-0.432130118406
-0.517249498533876
-0.398469272651209
-0.369064395142123
-0.365001880171379
-0.250090717252309
-0.458536471421
-0.648894357058954
-0.993821299091127
-1.09702854774974
-1.11037681357955
-1.13068939350453
-1.1683160288604
-1.16928329396739
-1.28777333993762
-1.31969310748557
-1.17063746562431
-1.28109920702271
-1.08513118021432
-1.00997463614006
-0.993144213896577
-1.02380653515728
-0.883843190880126
-0.797563092370296
-0.827838508348893
-0.989855509490049
-1.26368842495434
-1.24869580628735
-1.26591313508076
-0.835770087551049
-0.646959825577156
-0.825130165035064
-1.08058503078836
-1.23795915713389
-1.2600128152657
-1.16908984069243
-0.991790040971848
-0.701900516363916
-0.510091732431566
-0.455828126839356
-0.133728654771029
-0.0468681977041292
-0.212560808533921
-0.405917218665961
-0.686617719052304
-0.620166566012233
-0.326407979708519
-0.419265484495775
-0.81739203910787
-0.965383687956848
-1.13291410489877
-0.980086126711391
-1.09789908621925
-1.30682847357535
-1.69682999697814
-1.69673327034066
-1.69673327034066
-1.69682999697814
-1.69750708217269
-1.69644309042822
-1.44330966143883
-1.10476667240912
-0.935301725253212
-0.820777468884064
-0.490843145518876
-0.0913624179820515
-0.0514143458622765
0.137976274668686
0.232284679018152
0.560671377451464
0.611646278637146
0.323981465423455
0.180342511457663
0.0457958550759801
-0.0114662737425012
-0.125216717011804
-0.208885198845285
-0.431936665131039
-0.773574904024498
-1.14113586274555
-0.761677535221265
0.00903975945743714
0.408520485726447
1.03782369250696
1.17043566273348
1.08870155770843
0.810806283214582
0.2512430860184
0.120952399150236
0.24834128942961
0.265074985035617
0.13430066498005
0.076361450967019
0.046763120182972
0.546549298521805
0.528267976716107
0.0350592059225148
-0.242642771237557
-0.501289614759899
-0.340626784007844
-0.503611051523806
-0.713894610536815
-0.833061742969405
-0.96286879791798
-0.891774770082282
-1.01210262089682
-1.23428354744525
-1.35093578857116
-1.21687276537688
-1.32008001403549
-1.3416500389799
-1.26243097866709
-0.997980541967166
-0.577897055860737
-0.811878624574917
-1.0280625046708
-0.833932282706731
-0.370998926623922
-0.256668123529735
-0.524020358086264
-0.702674329463761
-0.766997496479257
-0.733530103999428
-0.829773039830692
-0.743009308133459
-0.675977796536319
-0.465113877698426
-0.483105019591682
-0.540657327054791
-0.484362464611116
-0.50631939610545
-0.295745657179999
-0.268758944340115
-0.458923377970922
-0.690873687298009
-1.01161898770942
-1.06307752208251
-0.782860653615753
-0.52566470965562
-0.601401612286946
-0.634385371579373
-0.736431901856033
-0.481557394659806
-0.219331668086308
-0.190797330314548
-0.000923077863997129
0.0803272405680967
0.627702889048604
0.976208714131932
1.08018961994921
0.922041836445016
0.643372592910138
0.725880356361667
0.80838811854538
0.801810712267954
0.774146912965705
0.696185298940139
0.496058029255711
0.350677998350897
0.127819985340105
-0.0760796206704392
-0.0197847582267647
-0.195536933015471
-0.174450539990649
-0.125216717011804
-0.128408693513036
-0.196794378034905
-0.362390262227216
-0.321765103645076
-0.247866005858068
-0.316928775574487
-0.617748402610846
-0.76032336356435
-0.59482420600952
-0.266340779670913
-0.0324559388620283
0.0405726204554683
0.322143660579137
0.31546952766423
0.335685379683912
0.171443667148516
0.125208367395942
0.0549848792975692
-0.170484751657386
-0.104323778529757
-0.115253880958184
-0.112255357731913
0.0122317359586697
-0.137017359177556
-0.205789948981533
-0.0540259638064396
0.027514533270282
-0.0693087611180519
-0.114383341220858
-0.193022041708789
-0.147754008331021
0.117276789461601
0.452047440897378
1.16318132466706
1.41534733387609
1.40509431791003
1.19432697103625
0.895248422206728
0.839437346356008
0.753253974483659
1.25294358085838
1.18958752300869
0.764184076912085
0.274554189169648
0.467620419389246
0.788172265257884
0.916141360688775
-0.102389247047959
-0.880651214378894
-1.07632906254265
-1.15922373127629
-1.02148509839338
-0.821454555346428
-0.759936457014428
-0.643477669163481
-0.771833825817661
-0.825807250229614
-1.06810730342806
-1.40297468276913
-1.51672512730625
-1.46420259992087
-1.31205170819586
-1.45627102198653
-1.67613051050324
-1.69750708217269
-1.69721690352806
-1.69731362889773
-1.6970234502531
-1.69779726208513
-1.69731362889773
-1.69712017689058
-1.69712017689058
-1.69770053544765
-1.69779726208513
-1.69741035553521
-1.6970234502531
-1.69779726208513
-1.69721690352806
-1.69721690352806
-1.69731362889773
-1.32984939681415
-0.414816062975108
0.384242117468207
0.376600718178494
-0.167679680438261
-0.703835047845714
-1.36070517261763
-1.61084007711294
-1.69712017689058
-1.69712017689058
-1.69712017689058
-1.69712017689058
-1.69721690352806
-1.69712017689058
-1.69741035553521
-1.69712017689058
-1.69818416863505
-1.69721690352806
-1.69712017689058
-1.69712017689058
-1.69721690352806
-1.69712017689058
-1.6970234502531
-1.69721690352806
-1.4832577335586
-1.24134458691008
-1.05234087292904
-0.974185805628514
-0.780539216851847
-0.713024072067304
-0.712927345429823
-0.769802567698382
-1.13987841772612
-1.40297468276913
-1.62796068053668
-1.45646447526149
-1.23902315014618
-1.32162763896737
-1.44156858323199
-1.64188930619138
-1.63898750833477
-1.52581742362254
-1.66278224467343
-1.55174014471795
-1.3166945842593
-0.893322395014157
-0.366259325190813
-0.242739497875037
-0.666401865764807
-0.84370166548539
-0.00469541292229901
1.00938577202595
1.26503424699539
1.04488457729843
0.65507650843841
0.465395707995006
0.321853480666695
0.442761691306122
0.556705587850386
0.217872420176051
-0.247575825945626
-0.7125404388799
-1.16222225450256
-1.23776570385893
-0.550523437738745
0.0811977790376081
0.716014245677713
0.765344795294039
-0.160908820885874
-1.04363548189486
-1.65823609651528
-1.6970234502531
-1.68744751948159
-1.53723115923837
-1.32452943555616
-1.30489394209355
-1.2984132624536
-1.14606891745362
-1.08803297680311
-0.676461429723722
-0.206273580901122
-0.152396883126649
-0.633127926559939
-0.697160914930808
0.0952231313297866
0.584659565797262
0.323110925686129
-0.0686316746556871
-0.341884230295092
-0.384637373633992
-0.485233004348442
-0.540367148410163
-0.87446071465139
-1.22441743802911
-1.26098008037269
-1.16551095764128
-1.09470710971802
-1.04286166879501
-0.735754815393668
-0.938880608304367
-0.799110717302172
-0.130923584819719
0.282292313829028
0.419547314792354
0.522270930263565
0.81544915801021
1.04440110005221
1.11926715359947
1.19103857724427
1.01499622254312
0.778596335754186
0.381146866336641
0.329204700043966
0.454659058841541
0.290030439756222
0.313728449457393
0.828023612007993
1.07641743829646
0.187597004197454
-0.730338127498195
-0.805591398209932
-0.719117846425141
-0.287717351340363
0.193207145367888
0.730329777882333
0.678677790234286
-0.057895025502222
0.52662362514675
1.40383702629614
1.56314552945011
1.57339854541617
1.73212669001306
1.751278859635
1.75156888487408
1.75669554753047
1.76375643232194
1.76559439183962
1.76017770394415
1.75833974442646
1.76375643232194
1.76617444104996
1.76530405725381
1.75863007901227
1.76365986035782
1.75863007901227
1.75166576618492
1.62398669599311
0.921461476620133
0.63853626483955
0.730619957794775
1.10756339401238
1.3133009582728
1.38478173798505
1.34328588499222
0.648789280805611
-0.00401832772774914
-0.212077175346518
-0.0448369395848501
0.396139485003626
0.814385164997922
1.10001872136015
0.416935696848191
0.193690777287477
1.24597926803103
1.73609263301969
1.55956649172558
1.14103078649221
1.48179833097498
1.49485657283353
0.763893896999643
0.113988085055073
-0.0943609424761372
-0.00672667104157817
-0.168356766900626
-0.650151802078388
-0.592212588065357
0.446050394444835
1.31755692778631
1.49359928248746
1.28379920072068
1.24675307986306
1.34734871057751
0.96334392554834
0.0378642771416393
-0.54762163988214
-0.659534279574939
-0.654601224866869
-0.74823254275397
-0.782667201608607
-0.77231745773725
-0.796402373988343
-0.789244607886033
-0.909475732063096
-1.00436449496963
-1.01374697246618
-1.03696134897995
-1.03589735596766
-1.16522077772883
-1.1740228954005
-1.05263105284148
-0.984535548232057
-0.989855509490049
-0.985889721156786
-0.907057567393894
-0.775606162143777
-1.06307752208251
-1.33004285008911
-1.58859296697398
-1.69721690352806
-1.69750708217269
-1.69760380881017
-1.69721690352806
-1.69712017689058
-1.69789398872261
-1.69712017689058
-1.69721690352806
-1.69180021563259
-1.34774381206993
-1.19926853003355
-1.27123309633876
-1.30324959052419
-1.15158233198658
-1.05795101409948
-1.02545088672664
-1.06327097535747
